   7.3604478410662488e-01   5.4585951313380221e-01
   4.3034069902163399e+00  -7.4572861990017936e-01
   6.0955985032640649e+00   6.0609305262910684e-01
   4.7773781426268274e+00  -1.6900915020877161e-01
   2.5318194317004590e+00  -2.0082025293681971e-02
   3.1142244749436747e+00  -3.0756277871503723e-01
   4.6728435207540553e+00   4.0725797210878589e-01
   5.6304839460991374e-01  -7.1012817007858220e-01
   2.4478473703248249e+00  -5.8309445702270635e-01
   1.1270092640503764e+00   8.9671000551719215e-01
   5.6872775705684662e+00  -8.5215664743409358e-01
   6.2818819511466630e+00  -8.1614344009327122e-01
   2.3170830617921637e-01  -8.9484259407160094e-02
   6.2682073381004200e+00  -2.2018087496409766e-02
   5.4884388694817963e+00   1.0344022878219961e+00
   6.2048888815083556e+00  -1.0073638873141171e+00
   3.5453559194449662e+00   1.3750883488201837e-01
   2.1227400085300641e+00  -4.5721051245651645e-01
   8.5800455820278579e-02   2.5462200057033879e-01
   5.7974022199198281e+00  -9.3093702930626909e-02
   2.9775190172918804e+00   6.9254184782965300e-03
   1.9413225578610771e+00  -1.1236278769352772e+00
   6.1700457541304354e+00  -2.7129534905043995e-02
   6.2366257634797764e+00   8.8427793971150415e-02
   2.6768938030790825e+00   6.1085792095873748e-01
   1.2142222960533107e+00  -7.2817487943621728e-01
   4.5655955478894796e+00  -5.9526536055997337e-02
   5.2092679083214035e+00  -2.3751095669946487e-02
   3.4680785625102835e+00   6.1068674234081710e-01
   3.6933859225680776e+00   7.9587138189502937e-01
   3.2813010272006987e-01  -3.7536896684891508e-01
   3.8236919733026986e+00   5.9521661464176656e-01
   2.5527321640695804e+00  -2.6283153999677800e-01
   3.4891007086397643e+00   8.4029782779399742e-01
   1.0631044714578508e+00   1.5075586405671682e+00
   2.6273922950396731e+00   2.3030678151649164e-02
   1.0044855663713992e+00  -3.4020161033672891e-01
   1.1259699952208428e-01   8.6431272065757847e-01
   5.9823797513360288e+00  -1.2587520036436342e+00
   1.9424177513956228e-01   1.2236617865462707e-02
   5.4206429997005996e+00   5.4013020751886920e-01
   5.2418740348962656e+00  -6.7793036247617311e-01
   3.9519545661391402e+00   1.4761417885777615e+00
   2.3858758788766212e+00  -9.4212809025421163e-01
   4.2747755856495937e+00   2.4479118321818794e-01
   3.9706885530878315e+00   5.3921316231918048e-01
   3.5902942158319604e+00  -1.2996240366042169e+00
   5.3387095769618300e+00   4.4794214917510988e-01
   4.2880079700457063e+00   2.8770357519059986e-01
   6.2010437802865050e+00   9.8275246647068126e-01
   1.5727182674883997e+00  -6.7217998632730247e-01
   5.3044600587328206e-01  -6.2548704811057343e-02
   5.0304625391727491e+00  -4.9797389782608059e-01
   8.9009475640768110e-01   1.2453312163554742e-01
   2.2015048078724213e+00   4.3018272443720029e-02
   3.6907644130470389e+00   7.8721258953538475e-01
   5.6883599695777596e+00  -2.8419881713066109e-01
   1.0237795212341552e+00  -1.3220597079334273e-01
   5.8535168237865145e+00  -6.0189293481681116e-01
   4.3082993443884181e+00   6.7612933781073359e-02
   1.6356268338849089e+00  -1.3898335256798200e-01
   1.5630721739156901e+00   3.6976552755910830e-01
   5.7227392032118507e+00  -8.7953117526209235e-01
   4.9925525951591698e+00  -1.0190675029401408e+00
   1.1236845510517171e+00  -3.5089496820060795e-02
   3.9395905915864606e+00  -9.7262129019896526e-01
   4.1718355769536837e+00   2.2346967944904472e-01
   4.6496047627554686e+00  -6.8835771602280682e-01
   3.7720775837283087e+00   9.7911821040981284e-01
   5.7953462404085609e+00   1.1035330435155131e+00
   3.3113954391794422e+00   8.6684923060502062e-01
   2.3885088509095946e+00  -6.7598379017447285e-01
   1.5336998702625912e+00  -8.7703340097651450e-01
   4.4776918700393153e+00   2.4618227471946552e-01
   1.5640080424785054e+00   5.1702077677941638e-01
   4.8207336801592904e+00   1.1204036450439281e+00
   4.3057950591784424e+00  -2.4293888283991039e-01
   4.6915578961163193e+00  -1.2680164753350325e+00
   2.4121997419768824e+00   5.0018603955116525e-01
   5.5133036961816320e+00  -6.5882977918000041e-01
   2.8973091933025930e+00   9.5805865326297290e-01
   3.5454055922560435e+00   6.7543161290036480e-01
   3.3407041940741822e+00   2.9415720244256383e-01
   1.9778430920222152e+00  -4.7066933044393444e-01
   3.2406964440666686e+00  -6.2031290143327333e-01
   1.2848647826218211e+00  -3.6421099498930376e-01
   3.2977639034257777e-01  -6.4643524734568780e-01
   4.2635725013423640e+00  -1.1017900469940038e+00
   5.7527677806378186e-01  -9.5597538186604436e-01
   3.2041294297642988e+00  -2.3187950462418261e-01
   1.9859339254292696e+00   1.0066119873234740e+00
   5.3445658015947766e+00   7.9084275052902875e-01
   2.3278308889224704e+00  -2.4729573943758498e-01
   6.2678034565058294e+00  -3.4695226853021399e-02
   6.2235655136290591e+00   5.7869403030575972e-01
   2.5007403394967609e+00  -4.0404123807162384e-01
   4.0614987004330350e-01  -5.1820679805144865e-01
   2.6414538126539733e+00  -6.7210536530145593e-01
   2.3851303540816136e+00   3.7026700975375615e-01
   6.1955415745854214e+00  -4.5155122960174943e-01
   2.5961076077374940e+00   9.3187509335025798e-01
   4.6153711025002746e+00  -2.7818677004337733e-01
   4.6396219496261676e-01   8.6175076755144131e-01
   6.1675508774465992e+00   6.4012001568625188e-03
   1.4082914425857035e-01   1.1024963176387930e+00
   8.8513617525847843e-01  -9.0584792541457226e-01
   2.9268338391920725e+00  -1.2201601147984853e-01
   3.1067608569210572e+00   1.0440135638682415e+00
   5.6400795660829344e+00   4.3660941171568624e-01
   1.6904709934027653e+00  -1.8952085496391602e-01
   2.9900360919455551e+00   2.6652209209013700e-01
   4.1193259710315919e+00  -1.0683369305158814e+00
   3.8982464115221589e+00   4.4928301663340120e-01
   1.2891918274540548e+00   1.2203450957421924e-01
   1.7121817979025872e-01  -8.5165048237976471e-01
   3.8333226378158454e+00   6.3455008366637866e-01
   3.2667337544785124e+00   1.1025284289879900e+00
   5.4172833992284826e+00   1.1437990566330569e-01
   3.4432430855712757e+00  -1.3412342853454140e-01
   4.2750478118763118e+00   2.6016794001534227e-01
   4.9152547615512093e-01   8.7409818962301156e-02
   3.0061146220682905e-01  -4.9668529638159553e-01
   2.3877068885016620e-01  -1.1396532694284187e+00
   4.6644629443583971e+00  -1.0652275079773714e+00
   3.2255610550609188e+00   5.4473375859802697e-01
   1.6334100196106691e+00  -5.4445073716116932e-01
   6.2413566587621263e+00   2.9066406700776359e-01
   4.7303453256133743e+00   8.9451083475887838e-01
   3.7513458144348806e+00   1.3925927567966268e-01
   4.5912367101264140e+00   4.9797523527181298e-01
   5.9569423193360937e-01   9.8230922052768621e-02
   4.0217067584144433e+00   8.2702797186455079e-01
   2.8451672378318400e+00  -3.0930763179820397e-01
   5.1961837659076622e+00   3.9395796264096372e-01
   2.5281249277487481e+00  -8.7643514057522343e-01
   4.4018708840895435e+00   5.4247285848554760e-01
   4.7741641004569004e+00   4.3140614289578982e-01
   1.7431988825838725e+00   1.4143319055418946e+00
   2.3543795364822651e+00   1.2647132035541264e-01
   1.9119636684232757e+00   4.3155015497957505e-01
   1.5237749087376615e+00  -1.0620733716123099e+00
   5.4047346825437064e+00   2.0701901158869651e-01
   3.0122790724872495e+00  -1.3036109902138748e-01
   3.0763693545090929e+00   4.7841953465064524e-01
   6.2187207185311486e+00   6.8496848768815832e-01
   5.4139488738751016e+00   1.2075121727757674e+00
   2.0857537512672888e+00  -5.2070749546035033e-01
   4.0486738624862531e+00   7.2284924955288687e-01
   5.9828810982806555e+00  -8.6648857044039129e-02
   1.5796774594091900e+00  -1.5779868052043100e-01
   5.7521091161132238e+00  -9.1275735684995918e-01
   3.0316784889391841e+00   1.1477185209715945e-01
   1.9588141354070441e+00   1.0959707007939330e+00
   4.7362133953544632e+00   8.2729781561757365e-01
   2.2363246291249395e+00   2.0979364308893089e-01
   5.5638939657585063e+00   1.2782786457392161e+00
   5.3035155729996895e+00   4.3770143629074276e-01
   1.5729507213101437e+00   2.3242822633920746e-02
   4.5806690083390684e+00   6.3697678459301654e-01
   1.3589034762912302e+00  -1.2618978774091369e+00
   3.7274104147303779e+00   4.0192737062170125e-01
   6.0802565374082160e+00  -9.1397913691075394e-01
   1.1939652837710490e+00   1.4859339887456646e+00
   4.4721436198453430e+00  -8.2633585135577436e-01
   7.4335052081722020e-01   1.1730958810139511e+00
   3.7585670530156445e+00  -2.1017086828028497e-01
   3.2448405334837891e+00   1.3972882091824634e+00
   4.3286959877226714e+00  -1.1018406261040112e+00
   5.4885914285416897e+00   8.8426150491595479e-01
   2.2278248749571863e+00   5.4232215802899963e-01
   3.5206780195138769e+00  -2.2740922951876219e-01
   1.8900392587055188e+00  -6.3886344312087961e-01
   4.9991637788296917e+00  -5.9702491170103833e-01
   2.2060165119212001e+00   1.1004365492926280e+00
   4.4529224365342017e+00  -1.4024123509412940e+00
   1.0208698645072782e+00   8.8334734656810721e-01
   5.7357654632156372e+00   3.6694273321689508e-02
   5.3520546422270066e+00  -6.6852300089300620e-01
   1.1734448245318154e+00   5.3007759188347370e-01
   3.4047853189191263e-01  -2.1968572578882162e-01
   4.8834953796297738e+00  -2.2129984490347976e-02
   1.7435894801111507e-01  -1.3743713620105575e+00
   3.1474983687083142e+00   3.4267209231402718e-01
   1.0925399900655739e+00  -2.5399501022695103e-01
   3.6136787311358987e+00  -5.2587592254524829e-01
   9.6458706713208853e-01   2.9049404605615337e-01
   9.0446955306332277e-01  -7.7710069422623429e-01
   2.1228981880459417e+00   4.6632532832305618e-01
   3.7768057971315862e-02  -6.4828964740913564e-01
   3.1253084263387882e+00  -7.5758128217470633e-02
   5.4721047785393875e+00  -4.6194170358837239e-01
   4.1977077098327733e+00   6.9755329206674066e-01
   3.4588643254186935e+00  -1.1674434750420613e+00
   3.7449146121849264e+00  -6.6510457033342052e-01
   6.1859992265209138e+00  -8.8174399610484688e-01
   1.3435775160916184e+00   1.1964309440150043e+00
   2.8344943778635736e+00   1.3353524264719270e+00
   2.9764124188049310e+00  -1.1252936761714247e+00
   1.5642132997508562e+00   2.2915469682734724e-01
   2.7107758517870617e+00  -7.2318119155618255e-01
   5.1814087807294085e+00   9.4141771748907255e-02
   2.3911300683130157e+00  -1.0192916571553883e+00
   4.6548577949187981e+00  -4.9526650089244861e-01
   5.9496486921256553e+00  -2.0200784731503107e-02
   4.9755236596046108e+00   9.5799461965319077e-02
   5.3356728421476687e+00   2.2093125845865647e-01
   4.6393564482628191e+00  -1.2625830825299396e+00
   3.2879849538380959e+00   1.4063249825569590e-01
   1.3016126207713536e+00   3.6098641140763621e-01
   6.9661812700403702e-01   2.5224639325284826e-01
   2.0728478344750552e+00   3.2128878100273384e-01
   5.1341091607523230e+00  -6.3413119654645467e-02
   3.2743063984383300e+00  -5.8071207024957994e-01
   7.5563327436546801e-01  -2.5361019672276730e-01
   2.1780579278043111e+00   3.3711009115890689e-01
   3.6104223482973712e+00  -8.1521826469168723e-01
   1.2476085776110850e+00  -3.5213429922329587e-01
   5.6663736196956114e+00   6.4560982381271836e-01
   1.8741745875763012e+00   6.9595156536395031e-03
   5.5914331933181183e+00  -2.8291835114568897e-03
   1.7404124164967918e+00  -6.7968678197470878e-02
   3.6081163590003769e+00   1.7528745661906409e-01
   9.2762829216798112e-02  -4.1755814285856419e-01
   3.1839862566781698e+00   2.3975825475410217e-01
   4.0797686589202498e-01   2.8675380628983538e-01
   1.4718439652671484e+00   6.3476945609643032e-01
   5.1131279202201538e+00   2.1477828507733387e-01
   3.3662272638657353e-01   2.5257371698571296e-01
   4.8694320287004613e+00   7.3340725490463932e-01
   5.7316403707923067e+00   3.6997104511417356e-01
   2.0720667663682635e+00   6.3295345744942111e-01
   4.8205523590733028e+00   1.0353749193657507e+00
   5.9692393434809565e+00   7.5265697422780775e-01
   1.7997924590731122e+00  -3.8359674132871446e-01
   8.8687049799195861e-01  -2.4175655858097223e-02
   4.5322307512476927e+00  -1.0307605199761358e+00
   4.5999441537517729e+00  -5.2324783007409836e-01
   2.5592645455587286e+00   5.4804155921625108e-01
   3.2726000522792580e+00   5.9661475461304159e-01
   5.2928793007224160e+00  -3.3192739017633843e-01
   5.1285575509594103e+00  -6.2828138479639128e-01
   2.9474749224779195e+00   3.9082360014733775e-01
   4.3201878254999384e+00  -1.3409632965317264e+00
   4.8376372162753718e+00  -7.1970344794999286e-01
   4.4364614239007460e+00  -1.9184751307845471e-01
   4.7304476094583876e+00   6.5556393057251139e-03
   5.4357887804498608e+00   1.0430508466490429e+00
   6.0855536208747143e+00   9.3145237804206937e-01
   3.4367583929796814e+00   1.9529932874061817e-01
   6.7255313168864717e-01  -4.6489879614499996e-01
   3.8558799119813583e+00  -6.0156858226620236e-01
   3.5601821183428743e+00  -6.7210980860916503e-01
   3.6239896106020573e+00  -1.0931044180716403e+00
   5.4754953381404246e+00  -1.5205001762091941e-02
   4.9563221203691921e+00   5.3964907254928196e-02
   5.2075146545080564e+00   3.6295345702264314e-01
   6.1333095677947815e+00   4.5958691078357017e-01
   4.5760944270751741e-01  -5.2642688496727952e-01
   5.2225121280351567e+00  -1.0059599333606304e+00
   2.0547542351932622e+00  -6.5371355264891040e-01
   3.3819265857786380e+00   7.3476337665198121e-02
   5.1569259170340231e+00  -1.1285977399484661e+00
   4.7923669826410814e-01  -4.3051859162326367e-01
   1.4760863801845128e+00   2.0361287503389236e-01
   1.6846754596355531e+00  -7.2752947958115755e-01
   6.2541181003186308e+00  -3.0417061483945718e-01
   4.4230660849648276e+00  -1.0443664729135524e+00
   4.3206483864749936e+00  -1.3713728176617757e-01
   2.3929356003076032e+00  -2.7251966749817735e-01
   2.2822327352047020e+00   1.8582878197588037e-01
   2.3166086859325818e+00   6.3244632649014365e-02
   3.1630424635525962e+00  -9.6328571259411055e-01
   1.2970443648402183e+00   3.2867860416780270e-01
   3.6073376725525890e+00   2.6138097297620844e-02
   1.6475704781537137e+00  -1.5986702221262883e-01
   5.5186956930912912e+00   1.0718757534467960e+00
   2.7701085518634629e+00   9.8177359710502055e-01
   3.5389263096938040e+00  -7.8702383372420970e-02
   4.8258501140478414e+00   5.6311102575190652e-01
   3.6905026703903823e+00   8.2144616918629287e-02
   5.4097064475500440e+00  -3.2749501138744685e-01
   2.2234883770095948e+00   3.1059729304605432e-01
   1.5941578526278215e+00  -1.1315120606459654e+00
   1.8736520778481602e+00   7.5211922896569749e-01
   2.2700963583548952e+00  -5.0437251443720044e-01
   4.4353005713548477e+00  -4.1346455594086562e-01
   3.9117775989569739e-02   2.5403221171236035e-01
   5.6642640296263949e+00   3.7181857884514224e-01
   3.7515826503111240e+00   4.1633323309941117e-01
   7.8548852368063182e-01   2.2518701842322830e-01
   5.1376836187974178e+00  -1.2955247212872785e+00
   5.4160418680144016e+00   9.8334910399192621e-01
   2.1219070157445938e+00   5.5593963922944134e-01
   1.9968301439979224e+00  -1.3207332363186224e+00
   3.4447619445904305e+00  -5.2187049454435397e-01
   5.2895104504420427e+00   7.2912933630613264e-01
   5.6743296296373220e+00   9.1040418880722118e-01
   4.6815579960372968e+00  -4.7658103248172745e-01
   4.5079944623273276e+00   8.2292245372205919e-01
   2.8009748918629036e+00  -1.7575367234714090e-02
   3.3331688008734246e+00  -8.0298719668399832e-01
   4.2582712013435442e+00  -6.5817806110708743e-01
   3.3378973919260826e+00  -1.1476261396570615e+00
   4.1894359863409458e-01  -8.3131774269413539e-02
   1.7697241318606591e+00   3.8208623378251039e-02
   4.3031260483902622e+00   6.2301113717665180e-01
   3.8211881879340481e+00   3.5506110048961403e-01
   5.5345261997499549e+00   8.2303172461532137e-01
   6.4344712076085708e-01  -1.1635975233998281e+00
   9.6071159779503246e-01   7.6831397971396331e-01
   9.7736573577116292e-01   9.6291727248014025e-01
   2.8552337274296673e+00  -3.4456936473065491e-01
   5.2232225138654789e+00  -6.1930610416229281e-01
   4.4780947669370947e+00   5.4832462323228137e-02
   4.4521906679744960e+00  -1.1582901594957729e+00
   3.1778815817609321e+00   4.0051622961914646e-01
   4.9625300255106470e+00   5.5533274697197310e-01
   1.4721681194517469e+00   7.0659987033810046e-02
   3.8917220488610265e+00  -2.3275468598441718e-01
   7.7046869656600636e-01   8.5171769094674232e-01
   1.7873085546050078e+00  -4.9095195236519307e-01
   2.5843250293869295e+00  -7.1811159767555821e-01
   5.8754952744999471e+00   2.0326346859110989e-01
   3.2805377650399997e-01  -1.4285762242709277e-01
   4.6977490058229261e+00   3.6774582262072553e-01
   3.0971976682972251e+00   5.9040136795139819e-01
   5.9016309792776278e+00   3.5396812467880734e-02
   3.3928954789808530e+00   5.9183613154019366e-01
   6.0284022573997575e-01   1.0751661203025553e+00
   5.1491261221405376e+00  -5.7395389433399813e-01
   1.2295925418209772e+00  -9.1119452208997098e-01
   4.2995846244563882e+00  -3.1907982250600897e-01
   6.2227486136959751e+00   1.2015965323594884e+00
   2.6656619152519241e+00   2.0033994504396135e-02
   3.6662667155136064e+00   9.8534088515708351e-01
   4.1478738715429859e+00   1.1093052893230038e+00
   3.4986694306471158e+00  -4.3791319451285560e-01
   3.0656328718508847e+00  -2.3742566460846048e-01
   1.3432041167492805e+00  -2.9560360127958707e-01
   2.3916460518907399e+00   9.1501924086489606e-01
   2.3719748279811412e+00   4.9414418273095517e-01
   1.5160422162551612e+00  -2.4839455011528866e-01
   3.2856520319046192e+00   1.7440734811492309e-01
   1.3684277176368538e+00  -7.9964287566803816e-01
   5.4098744064926194e+00   4.4684446051139393e-01
   3.8666273066353898e+00  -5.9315395836480078e-01
   5.9994825977104611e+00  -9.9582241986174913e-01
   2.4178683745394598e+00   7.4057709683181150e-01
   5.0061368142092615e+00   8.8255713818542869e-01
   9.9792249986049719e-01   2.9249668813042962e-01
   5.3266241558468836e+00  -1.6632824805634705e-01
   3.6830628936331253e+00  -1.0191750434944971e+00
   3.6133233221382963e+00   1.3706888009078551e+00
   5.0854674702157263e+00  -2.1937200275858837e-01
   3.0153865852543746e+00   4.8151188707030146e-01
   1.6216674077592170e+00   3.7990065645179705e-02
   1.4284286718374937e+00   1.1262256866284526e+00
   1.0633776824923367e+00   5.0420027239445853e-01
   1.2435055657799383e+00  -2.1299291821065047e-01
   5.1754826421213798e+00  -6.7031125497247956e-01
   5.0406038319948721e+00  -4.2929156290035575e-01
   5.3996303074723047e+00  -5.9700617470244821e-01
   1.2804933801501373e+00  -1.4074369253688099e+00
   5.8826026010258281e-01  -3.0598973932763007e-01
   1.3519939873505642e+00   5.3780699300950197e-01
   2.1343214258734458e+00   6.4885603631460853e-01
   3.1845280252668191e+00  -1.1232599630399192e+00
   2.4793902761512516e+00  -1.6974364166052913e-01
   3.8109859120246043e+00  -4.4370178388106485e-01
   2.5229273184274872e+00  -8.0003725164953621e-01
   5.7835777153958805e+00  -5.2553719379733477e-01
   1.7944256059329147e+00  -6.3556411848747096e-01
   8.9702416623725123e-01  -9.1005068321754479e-03
   3.8370655640226814e+00  -4.1981713113355590e-01
   2.4085958222391519e+00  -4.7503196498744527e-01
   5.5749740648367618e+00   1.0936375475870199e+00
   8.6843889283017062e-01  -8.1267640836743449e-01
   2.6499113025092820e+00   1.7831510922065363e-01
   6.0264627785694573e+00  -5.2416534815067650e-01
   6.1637866547020304e+00   5.6210487825262323e-01
   6.0461057218141256e-01   2.3293639074457273e-01
   3.1433051416673421e+00  -1.4097826133876779e-01
   6.1363572991780124e+00   1.4290124323587339e-02
   2.5188213360142222e+00  -1.4291188560409744e+00
   1.6398988512379624e+00  -3.3699161833483515e-01
   6.0586030030670184e+00  -3.4936588982036243e-01
   1.8797710622262720e+00  -6.2293333606724177e-02
   9.1934007451981731e-03  -8.7505322593288093e-01
   2.5408187106967759e+00   4.0888754617029877e-01
   5.9726802884129651e+00   7.8785092667049916e-02
   1.8073426150241760e+00   9.8044780167939427e-01
   3.6579532112450055e+00   7.6683921690542700e-01
   4.5926507056262911e-01  -1.6183505494713502e-01
   1.8033668752053038e+00   2.7979625355222026e-01
   4.5542078664917502e+00  -7.9894885685919015e-01
   2.1860187306037422e+00  -1.1770837509067147e+00
   5.9914510541851609e+00   6.2849158375613801e-01
   4.8270248108297480e+00  -2.3317088834350241e-01
   5.7737602715973182e+00  -2.0653984733930875e-01
   4.4116645996925801e+00  -5.0905228006880532e-01
   2.4196689672510256e+00   5.2012939097074096e-01
   2.3096824208987421e-01   5.5783177674895379e-02
   4.0531089760933892e+00   4.5789409130826009e-01
   3.2538160600720003e+00   5.3363549323819059e-01
   1.8692989903101334e+00  -3.0568677909298225e-01
   5.6007893201673360e+00  -8.0699640078753065e-01
   1.3189353260682630e+00   2.0320781630613372e-01
   5.5787335671489870e+00   5.0858746280359135e-01
   6.0745936355190757e+00  -2.4063018927327540e-01
   1.0388980908715730e+00  -7.1074432439969659e-01
   4.1198412595329694e+00  -9.3039339729311887e-02
   1.5791484609046493e+00   1.1672831846540741e+00
   1.4663409633400855e+00   2.8147627341497494e-01
   3.9801153687486299e+00  -1.3344338364962156e+00
   1.3016035953426015e+00  -5.4003718257088318e-01
   5.5689637557702794e+00   5.5568875111417615e-02
   9.9848313213224460e-01  -6.7109202735579621e-01
   2.9939865106282912e+00   8.7481504807738197e-01
   5.5023148874427532e+00  -2.7378018956515193e-01
   6.1123674327514199e-01  -9.5597914622547864e-01
   2.2001215186939105e-01   1.1693597432286249e+00
   6.2113552493023647e+00  -3.8155403352664807e-01
   2.3668080011849435e+00  -8.6486134145560278e-03
   4.7971848341917687e+00   1.1249601394309212e+00
   4.5611379859858499e+00  -4.1441674667096251e-01
   2.8832960943446269e+00  -1.6534194064540086e-01
   2.1305640572473341e+00   7.1915501577623830e-01
   2.5082061301110019e+00  -9.9646247191213666e-01
   1.4202853704816119e+00   2.8169746509504590e-01
   2.0392832698160830e+00   9.8421127199555158e-01
   3.2211725482472358e+00  -7.2847122151604882e-01
   5.6838542426849150e+00  -4.6362326847514823e-01
   2.4064337359560608e+00   4.1584809189439365e-01
   4.3461523863284981e+00  -8.6472036848406197e-01
   5.8091083422127134e+00   9.9268180425154062e-01
   3.0327239933357348e+00   8.3824397122184990e-01
   1.5890876797648472e+00  -8.7559236164597287e-01
   1.2332442172410585e+00   8.5915761498417709e-01
   3.4161363945001400e+00   3.7982559881196543e-01
   2.4004338642968075e+00  -6.2251290820482585e-01
   5.2727201759339746e+00  -3.6877469116260775e-01
   2.6195982305154879e+00  -2.8981987314602131e-01
   1.3451134308565798e+00  -2.3674699967733082e-01
   4.2423510871155763e+00  -2.0344754717809699e-01
   2.1759267872934385e+00   2.7463669325492690e-01
   1.0774473824072959e+00  -6.3195476574508924e-01
   3.0955175046975896e+00   2.9501509278944216e-01
   4.8698531438417803e+00   5.5434956745520436e-01
   5.3082451138598694e+00  -6.8549199036279651e-01
   5.3170096236018187e+00   2.6263521146969881e-01
   2.4079021619724412e+00  -8.0765671518930260e-01
   2.9148274245877510e+00  -1.4156884713783180e-01
   4.3687415244169703e+00  -1.1727874468216108e+00
   3.4325856843604186e+00  -2.7666931311084308e-01
   3.5870233003153715e+00  -1.0240569900463743e+00
   5.4271991371251609e+00   7.2124678357558913e-01
   1.1227991144700671e+00   5.3866589935727127e-01
   4.7235689979621167e+00   6.4566693173916612e-01
   6.1759973797134062e+00  -4.3264923980214887e-01
   1.1022978118754565e+00  -7.9890789262513584e-01
   5.7140008684388714e+00  -1.1766537288421088e+00
   3.5851836769939260e+00  -1.2609232459039554e-01
   1.1099950856832594e+00  -2.7361534675220067e-02
   3.4461506835707945e+00   7.3346157931411682e-01
   3.1032214830253539e+00  -7.0292406713202027e-02
   1.2491422256196221e+00  -2.4889981277236939e-01
   1.6534449476170757e-01   3.7086104916743201e-01
   3.3489348433419264e+00   3.5378676591993763e-01
   3.7836741285688369e+00   2.7976994442085634e-01
   8.4773136143042893e-01  -9.7486657525343423e-01
   4.0247498748543808e+00  -3.2314282671319505e-01
   4.2432256151788659e+00  -5.1107530203336360e-01
   5.2915577538844678e+00  -3.3320500788939444e-02
   9.5421919359641605e-01   2.4099753479094232e-01
   5.1586170400439908e+00   7.1719231398169558e-01
   2.0732958399369785e+00  -1.2025052969498375e+00
   5.0660857957058063e+00   5.8911345736935106e-01
   6.2817597950287460e+00   1.0603419580302118e+00
   2.6733892760139355e+00   1.9251057840152597e-01
   2.5151143665860127e+00   8.8854433609039507e-01
   2.6660232160847084e+00  -2.2909038248124491e-01
   6.2081721532521961e+00   5.9462534153426283e-01
   2.2247570262763237e+00   4.8647895283164821e-01
   1.8315361640817189e+00   6.7285455624102619e-01
   1.4363125129213417e-01   1.0136513288049165e-01
   1.5308364833759900e+00  -8.2929157849638979e-01
   3.3213594072123995e+00  -9.7601373109998701e-01
   6.1193837787153393e+00  -1.7169423465707911e-01
   7.4754437633133153e-01  -1.0218315783078307e+00
   3.7294523245717768e+00  -8.7451200851428046e-01
   2.6670609334613253e+00  -2.1619500950814152e-01
   4.4462070170477247e-01  -1.0151219000756568e+00
   4.0343039535439820e+00   9.1244283837706153e-01
   4.3996438947243357e+00   2.0992990304330283e-01
   5.3347228259224577e-01   6.0777492466716909e-01
   1.5632495774557362e+00   5.7841054466730668e-01
   4.4171068605278085e+00  -5.3321560606423324e-01
   3.4387033367078863e+00  -1.0717188142961831e-01
   3.9620056999357680e+00  -1.3290187300949765e+00
   3.9852874856446556e+00  -2.0228802440169225e-01
   5.7125901302048465e+00  -1.4215152830255628e-01
   2.1075055209148816e+00  -1.1537227702011676e+00
   2.7641184981992239e+00  -2.0450774442372177e-01
   4.5255418875343834e+00  -3.6565030396416676e-01
   1.3368042862505187e+00   9.9132681038012072e-01
   1.7246049827501475e+00  -8.2572091457649899e-01
   3.5145441073387560e+00   7.0803601297150909e-02
   2.7036602974495731e+00  -5.7993771905031810e-01
   4.1087031830561553e+00  -3.2093983195010090e-01
   1.0117241818355902e+00   1.3566208877936448e-01
   3.1735494640834836e+00   2.5199395935669378e-01
   3.0182677254862424e+00   3.2062228482277466e-01
   4.8829550942150295e+00   2.3424870552918953e-01
   4.4708408873005112e+00   3.8142433099329409e-02
   4.5815744579202065e+00  -1.0656805976139574e+00
   3.2500052621819160e+00  -9.3759528923411506e-01
   1.3709448031716458e+00  -8.4269418013244246e-01
   5.1957501491554026e-01   6.9248498774461043e-02
   1.3778914045614371e-01  -6.6436726579097161e-01
   1.1260065022784551e+00   7.3315253584329287e-01
   1.1410482366058119e+00  -3.9290441401663956e-01
   1.3431158032240920e+00   4.1565613177911964e-01
   4.8275921069954633e+00  -2.3001913203775093e-03
   5.7143359096434603e+00   1.0849802523249377e+00
   2.7441932984181121e+00  -1.4501724239661762e-01
   3.5504216758816680e+00  -7.0447400291693540e-01
   7.9230230009113023e-01   4.1126203076336121e-01
   1.3333075253498779e-02  -1.1248773784439687e+00
   4.8148009005886729e+00  -5.2661323690758555e-01
   8.7251350440780684e-01   3.0611960093323987e-01
   9.5090078609807649e-01   6.5586905059491496e-03
   5.0809119541155461e+00  -2.6896893732050886e-01
   4.3253541757441258e+00  -2.8289884650524577e-01
   4.5824635545404364e+00  -8.0335775953519406e-01
   3.9392768281948509e+00   6.9295996832236195e-01
   3.6021912684267301e+00   7.3807848223210870e-01
   5.6928909525126095e+00   1.0071534164574949e+00
   2.1270759397413608e+00  -1.6194199435023604e-01
   2.9859905590106504e+00  -6.5686974169279033e-01
   3.3349774167449944e+00   5.7684161499211362e-01
   4.4578255718192032e+00   7.7923433794757635e-01
   4.1350659202799038e+00  -2.7128026072219225e-01
   1.4407736700541640e+00   6.8871288051527291e-01
   1.0452236324221429e+00   7.7649845444717469e-01
   1.2738994705651845e+00  -1.1430858542697797e+00
   9.9955040669390594e-02  -1.1555790630489793e+00
   1.6142938994608122e-01  -1.2292006448206085e+00
   1.8698487836890043e+00  -5.0167198822535397e-02
   5.4182370633717225e+00  -9.1540552484791693e-01
   1.1875883446612590e+00  -3.2724886470361025e-01
   5.9139283995095449e+00  -1.2577967863061521e+00
   6.7817719588779735e-01   6.9736689165434251e-01
   4.6907209580099609e+00   1.1222142736182183e+00
   4.4789612297730719e-01   2.1750675828198673e-02
   5.3400403702755979e+00  -1.4619573922290827e+00
   2.7599598836456539e-02  -8.5318399149047597e-02
   5.4120102064264897e+00  -9.5840897799985947e-01
   5.3114942323186956e+00  -8.5985165585244383e-01
   4.6884012721295232e+00   8.7107431027015636e-01
   3.1982811651824545e+00   7.2393307425955156e-01
   5.2220275855078313e+00  -1.0275240818539046e+00
   1.0649020731084855e+00  -8.7489257713783830e-01
   2.4370144407337975e+00   2.3707564760754174e-01
   1.7055890234605100e+00  -8.2679747725865338e-01
   4.6589973443850266e+00   1.0444432673253345e-01
   4.4587924449256775e+00  -1.0944202909615866e+00
   1.0940148643143242e+00   5.3612373591495510e-01
   4.0270764573437932e+00  -6.6521082379672036e-01
   5.3618881693193670e+00   2.0520177537672013e-01
   7.2566900219381492e-01   9.9624844905242282e-01
   2.2648848541978666e+00  -7.1790885853372155e-01
   1.3484325532555201e+00  -6.2128516412713064e-01
   4.1135279964151872e+00   1.2459729340260308e+00
   4.9371780142830470e+00  -1.0068009972680780e+00
   3.0932946310781388e+00  -7.3154926955949551e-01
   8.2531954579322453e-01  -5.4634403434603418e-01
   5.8165719687275699e+00  -7.2804982698637311e-01
   1.6298655625339808e+00   6.1132924324660420e-01
   3.2818005619985318e+00   2.0675571604547249e-01
   3.0103355462667256e+00  -1.4144788370915404e+00
   3.7980501644261802e+00  -1.0969446174052986e+00
   3.0815393201787717e+00   1.2442770219837751e-01
   4.8547381399441107e+00  -5.0994945638465250e-01
   2.7828483294751849e+00   1.1061941658711931e+00
   5.5180092085929300e-01  -6.3847545326679767e-01
   4.1191455334357023e+00   1.2091875808754415e+00
   3.5001541193699768e+00  -4.5515674884418433e-01
   6.9371423100072571e-01   6.0250145846898961e-01
   5.0957903025869564e+00   8.0766646379540097e-01
   5.5411361004595827e+00  -1.0105271990354554e+00
   8.0145564996851215e-02   2.4822267168116730e-01
   1.0543919385570386e+00  -8.0532612331245979e-02
   6.3876391743063943e-01   1.1718337971339206e+00
   5.8636514433277958e+00  -1.2320853829555409e+00
   2.2677776325124301e+00  -2.9256670260334405e-01
   4.2692549017751719e-01   6.2386445053531903e-01
   2.4883830816909416e-01   6.1319794597358923e-02
   9.4308552248966748e-01  -1.3840517297254520e+00
   2.6833118686933357e+00  -1.1450825743258117e+00
   4.5505783197817928e+00  -1.6249761897754067e-01
   3.3945405459938365e+00  -4.2342170742773710e-01
   3.1597405669124598e-02  -6.0047150159126617e-01
   5.8236304533145686e+00   1.3883825253523825e+00
   5.1812926865253406e+00  -5.6411924884593012e-01
   6.2651958901015314e+00   5.7602402093694005e-01
   5.7776540792925628e+00  -2.8796187427129349e-01
   6.6174622622373647e-01   4.8214212948288893e-01
   4.7993719183358587e+00  -6.5734884911940927e-01
   6.5504090276179550e-01   6.0519383656252090e-02
   1.3764064542104000e+00  -1.0073432057772358e+00
   2.0126464550409562e+00  -7.9674943924786235e-01
   1.6326647643302394e+00  -8.5737283001686915e-01
   1.1829203238791375e+00  -5.4496443163808816e-01
   1.9910974485982308e-01  -2.8867084073719429e-01
   3.5617549901251695e+00   2.4976980003929139e-01
   1.3354808547614112e+00  -6.2403408548050310e-01
   9.1384833734402304e-01   2.1716806190601456e-02
   8.0712208016974027e-02   6.7740864790550992e-01
   3.0487928777028319e+00  -7.4293465226262922e-01
   8.8628707257942030e-01  -4.8299536646431807e-01
   4.3421014927849768e+00   1.1971833643972878e+00
   3.0715807760126932e+00  -1.2308747636681363e+00
   7.0655285450838390e-01  -5.0799629827014137e-01
   4.0120737624261524e+00  -1.8949791942289118e-01
   3.1329376458533722e+00  -1.3612533204787658e-01
   2.6798052454462118e+00   1.0112973010504533e+00
   1.8258097914693443e+00  -1.2297985243194454e-01
   3.9793515427041197e+00  -1.0383183404732739e+00
   6.1435048054880355e+00   9.4895449539608334e-01
   4.1578032800141216e+00  -2.0702138204994691e-01
   2.9770854364689532e+00   2.9160236626719938e-01
   2.9881474768812155e+00  -3.4909127717253963e-01
   6.0296286018568734e+00   9.6461822782199835e-01
   5.0123637026242944e+00  -1.8256393376940228e-01
   5.7315012435735548e+00   9.2354021291633615e-01
   1.8428245913655623e+00   1.1125362789505147e+00
   3.1675307772675048e+00  -5.6658225976768151e-01
   1.7780495579751752e+00   5.8150178862108781e-01
   2.0815542149658781e+00   9.3634057436797979e-02
   4.6331243243606810e+00  -1.9772597749151188e-02
   2.4034075500409391e+00  -9.4580199115601948e-01
   6.0648933059678276e+00  -2.5943521163704308e-01
   8.2957630777871860e-01  -2.3886865549363567e-01
   2.4065862902137387e+00  -1.3828364953506300e+00
   1.8021889812972978e+00  -4.2506814023413875e-01
   3.3627978315220761e+00   6.6058377199437590e-01
   4.3318484963806245e+00   1.1176862960571352e+00
   1.1588337259048422e+00   1.1401194062818871e+00
   5.5608797618697414e+00  -7.4720192170472499e-01
   7.4239130031581690e-01   1.8014303187723568e-01
   7.5541851013216932e-01  -1.4468936191211479e-01
   5.9651941446831369e+00   5.0891459746361845e-01
   6.2195079582276787e+00   3.0509513482305572e-01
   1.3101847158654081e+00  -3.3805660632808499e-01
   6.1157051600895951e+00  -2.4793191985852414e-01
   3.9922035296561381e-01   2.5576017953768515e-01
   1.0445892047509662e+00   5.6740303459967478e-01
   3.2803651761985891e-01  -9.3317267045072250e-01
   4.9843987531275271e+00   2.5678403378537040e-01
   5.2279538995915269e+00  -5.3247717631309066e-01
   3.9072810757924459e+00   2.1343033280088841e-01
   2.2574100085774056e+00   9.6543244007504869e-01
   2.1468199290697778e+00  -9.7495570251690200e-02
   2.8937050407719220e+00  -2.9517234604627851e-01
   3.2265466047825471e+00  -6.8007705385408601e-01
   6.1062009196210421e-01   7.2636734916535772e-02
   3.7059325846020701e+00   6.7597198763244881e-01
   3.8411005951915187e+00   1.1109394717194290e+00
   3.6173991034717607e+00  -7.5417745894522015e-01
   3.1398708950736456e+00   1.2225453672806053e-01
   9.3655327538035205e-01   1.2328607005731662e+00
   4.7542964942499459e+00  -6.3380182483702008e-01
   1.8444641976840312e+00   8.7819334278491823e-01
   2.3567702246697424e+00  -7.1787751310340786e-01
   5.2890382516660086e+00  -3.3680882397873635e-01
   6.0327373893242751e+00  -1.0891549710671198e+00
   7.0811179465318486e-01  -3.0110418912107062e-01
   3.0209809531446687e+00   1.0490670035499616e+00
   5.6408629734712878e+00   5.5397704610291587e-03
   4.8462423715817833e+00   1.0743390878913841e+00
   1.6490688872445955e+00  -3.0693545284063695e-01
   8.3945812711975742e-01  -2.8076572708184977e-01
   2.4186687984023818e+00  -5.6024794156480096e-01
   4.1023902209505678e+00   2.3929921541446642e-01
   1.8850723509555618e+00   3.2543490004037245e-01
   5.7737857138488797e+00   8.7578284062612699e-02
   2.7802903510362684e+00   9.1757062512052290e-02
   5.9393820312626922e+00   5.9651420119754217e-01
   5.5443002824124568e+00   1.2878934162165208e+00
   2.1473720928666147e+00  -5.6102563323916077e-01
   2.1538991806334256e+00  -2.3990753259465469e-01
   2.8464159094972206e+00   1.3688337895602323e+00
   3.7641379892585576e+00  -2.0456035064760969e-01
   4.0804101861064757e+00   3.1999175571231331e-01
   3.0994906346707434e+00  -4.1539119724311502e-01
   5.5782282609775864e+00   1.0970914991452125e+00
   6.1802636245445819e-01  -3.0423728121576121e-01
   4.8007989974597036e+00  -1.3508899811057939e+00
   7.8743888804780204e-01   2.7447917972623048e-01
   4.2488789675341758e+00   2.5111449926858787e-01
   5.4252697069455902e+00   4.2909332868749983e-01
   8.3864809971518584e-01  -3.5255952422403980e-01
   1.2728789752697465e+00  -8.2866594952226658e-01
   4.7196606483399925e+00   1.6194767388349329e-01
   1.4518254659757544e-03   7.7690045401991981e-01
   1.7205516600647313e+00  -8.4031006034229372e-01
   3.7777723533516170e+00   3.6572141704646244e-01
   1.7862660683568132e+00   1.2973198895886329e-01
   5.6784855916171857e+00  -1.0163865188394756e+00
   3.1748461115284217e+00  -2.5801691951161576e-01
   4.5192685369948622e+00   1.2602744503200047e+00
   3.6124074491669189e+00   1.1359411715487764e+00
   2.6548430105907239e+00   6.4576349751469309e-02
   1.4217583391576735e-01   1.0549020564869767e+00
   5.8053888731037127e+00  -6.8338908269793830e-02
   2.3046501847296619e+00   2.7558264277252720e-01
   9.5110879301467066e-01   7.7649422941073665e-01
   2.2041545479023683e+00   3.3425745131095419e-01
   4.9261922440952519e+00   2.6524686918992346e-02
   2.9204120452947140e+00   8.2935348083767479e-01
   5.5693618662946376e+00  -3.5662635535445530e-01
   5.2474627667757616e+00  -3.1832470413016334e-01
   6.1821326902072151e+00  -1.2855051440714305e+00
   1.5717577395855158e+00  -2.5179360556687014e-01
   4.5756820932231674e+00   3.6593776325259952e-03
   5.3396286565135878e+00   6.6640430202053924e-01
   7.8001841985195564e-01   1.4650982533507886e+00
   9.6103072270604184e-01  -6.8374913756170441e-02
   3.2084055651456627e+00   2.3163405226456679e-01
   1.9515350744530491e+00   1.4514704000681622e+00
   5.1223193541840164e+00  -2.8050080611946848e-01
   2.8169994094562956e+00   5.3731181769705749e-01
   5.0478173683429626e+00  -7.0487913740763175e-01
   5.3544717672173414e+00   6.5543407459263348e-02
   6.0990815259545101e+00  -7.5116132676684699e-01
   4.9353293607198412e-01   5.5248275420117476e-01
   5.1369493487653788e+00   1.8947424003703794e-01
   2.9299260932686062e+00  -1.1268702794415448e+00
   6.0633071590265892e+00  -5.5927256398514547e-01
   3.6099010122623971e+00  -9.8243282693354395e-01
   3.1128936316121791e+00   7.3148468093026686e-01
   2.0483037701407998e+00   4.1930722271254695e-01
   3.5078928790075161e+00   1.0452428391731949e+00
   4.3340058983295821e-01   7.2941130009741384e-01
   5.9529301712085383e+00  -6.7152020066389873e-01
   4.4639247715370933e+00  -1.2240726800772961e+00
   6.2733005330873324e+00  -1.3463146328086835e+00
   9.4302178181315599e-01  -1.1603870611421865e+00
   3.3329725042101628e+00   1.0194632169316855e+00
   1.9592285219547458e+00  -9.1136629454469298e-01
   5.2450039902356682e+00   1.4738304179163246e+00
   4.0225570989350645e+00  -6.5148151366590024e-01
   1.5402019593111809e+00   1.0587741362483101e+00
   1.6534096537726464e+00   9.1828139075264303e-01
   3.0392962696396673e+00   1.6295126176906094e-01
   2.3957094930264446e+00  -8.8439267207206251e-01
   2.6424407980502642e+00   4.4704660162806631e-01
   3.0273105613115181e-01   5.9640051026143537e-01
   1.5027872175410903e+00   1.2270034915458563e+00
   4.4127496433027869e+00   1.3958098335736753e+00
   3.8385278421833968e+00   1.8487221253793740e-01
   1.5641780894584920e+00  -3.0985384858995157e-01
   2.0123602958724005e+00   9.1515279571279917e-01
   3.3650534762430575e+00   7.3455842323574849e-01
   5.5508090744227188e+00  -3.3939219979250179e-01
   5.3265231694681070e+00  -5.5309363996651162e-01
   5.0706170913829869e+00  -2.6914248146125663e-01
   4.4637464225883976e+00  -3.8690831828347205e-01
   2.0165748854675338e+00  -6.3339332044976437e-02
   5.4864394447721372e+00   1.0993683145008331e+00
   3.1441108004182565e+00   1.3488218894591730e-01
   5.6817744649695454e+00  -2.6340198577961238e-01
   6.1765987469792583e+00  -1.7123628085346421e-01
   5.2818750160330818e+00   6.2412951273119077e-02
   3.4257329310785645e+00   6.9683241679226793e-01
   3.9864404111162624e+00  -1.1834575526275182e+00
   3.3553073569533680e+00   4.0782799724977892e-02
   4.9867510716753349e+00   9.5199192996604554e-01
   5.5342267462768815e+00   1.4462403586929669e+00
   3.2140320763023444e+00  -3.6497642096581795e-01
   3.5546973022213164e+00   4.3096045429993568e-02
   2.0138415931132969e+00  -2.0458373853098677e-01
   5.7375078940856499e+00  -3.7367107741878369e-01
   5.9485018355272565e+00   9.3033803304900298e-01
   3.2108894278155637e+00   8.9425574502026350e-01
   3.4259814162085127e+00  -3.8717258581227121e-01
   9.2624825515505738e-01  -5.8850972473773777e-01
   2.5073128446684163e+00  -9.2164959723949447e-01
   1.9292135573086411e+00   1.0714540629061466e+00
   1.3789778701575268e+00   9.8692376386129332e-01
   5.9715100057128083e+00   1.3141971687742848e+00
   7.2048301457173303e-01   1.3475330377188874e+00
   1.3585963783191006e+00   1.3565877784230174e+00
   4.0366277861011373e+00  -3.3988422662485585e-02
   1.5427867939076403e+00   6.5922613346262171e-01
   5.7095668147455869e-01   2.6625128568938061e-01
   4.8964301617542262e-02  -2.0687510022636468e-01
   3.0087330920948707e+00   3.9386963734016112e-01
   4.6774824153453398e+00  -7.4598910135127838e-01
   1.6489083853233026e+00  -2.8479972547573507e-02
   2.8071646341178025e+00   3.2317385721220271e-01
   5.2724834606950868e+00  -1.3053861973409491e+00
   3.9361925486135489e+00   6.9118369845971861e-01
   7.7293871285181448e-01  -1.6062725580885462e-01
   2.0642513329806058e+00   4.8208466115985349e-01
   3.4572542524852752e+00   6.9315359125197151e-01
   4.2630901449483964e+00   1.0943340582636401e+00
   2.1398760113627735e-01   4.4113168995778640e-01
   4.8625600643921474e-01  -9.2920528558618565e-01
   5.3193820475961253e+00   2.1014637290205274e-01
   1.0632108687757194e+00   1.3954784909353490e-01
   2.6151756822437333e+00  -4.7521199949907134e-01
   2.5539494471126498e+00  -1.1281350412770967e+00
   5.7301708837799419e+00  -1.1263029581835995e+00
   2.1739896736294586e+00   4.3290720016981954e-01
   5.5713052049385485e+00   6.1865308238510108e-01
   8.2232160194076032e-01  -4.1043296942785190e-02
   5.6891902453070120e+00   1.9619579577585866e-01
   1.3556679295090037e+00   1.0019463979565093e+00
   5.8625880141617150e+00  -2.0722301456200287e-01
   2.3718532763199640e+00  -3.3615832421227765e-01
   4.9774782300462768e+00   3.3950007116627656e-01
   4.3521039992698327e+00   6.3399565510161526e-01
   6.0237751794886716e+00  -4.3748747605540617e-01
   1.0487050473072910e+00   1.1469696904093274e-01
   3.9772158882734776e+00  -1.0351410217524992e+00
   3.3258845695559374e+00  -2.5572701526357156e-01
   4.2777114521341835e+00  -1.0091792717106456e+00
   9.6028523703603930e-01   1.8969402008803526e-01
   1.9633446047752101e+00  -3.9824134969571934e-01
   5.5963569594207874e+00   1.8659150148316872e-02
   5.0631384345479109e+00   3.5450072808758804e-01
   3.4549925653784199e+00   2.2430756815573960e-01
   5.6349428414960121e+00  -3.5996359531292454e-01
   5.2049715342644554e+00   8.9438190887794455e-01
   1.7544370858476976e+00  -5.6483012215506689e-01
   1.3575236299236946e+00   1.1995494846486543e+00
   2.7429364697158212e+00  -1.0628134000244795e+00
   1.6467535202940755e+00  -1.3994737030443605e-01
   2.2591384089047923e+00   1.2416627353810754e+00
   3.1442265162243914e+00  -7.1289939024539906e-01
   1.6272345394372318e+00   1.1390347426691405e+00
   1.5486267615052902e+00  -3.2727545005735026e-01
   2.0697421312686792e+00  -3.2466625578763253e-01
   8.1707322528583579e-02  -4.5129996209042833e-01
   2.4574719737666832e+00   1.2026317180139436e+00
   2.5510700114808067e+00  -4.4739153649716989e-01
   5.7889274243268583e+00  -1.3172600902521845e+00
   6.1790155788976877e+00  -9.1508134222032689e-01
   5.4393736870179756e+00  -6.4590570994307006e-01
   3.4870349654619694e+00   1.6297622275217827e-01
   7.9873426563082828e-01  -3.1439531905349138e-01
   5.4284516413748767e+00   4.6766487627766873e-01
   5.2789057070271488e+00   1.0323169790871889e+00
   2.3800208005054913e+00   4.8212289688277243e-01
   9.6083210369690975e-01  -2.6509314426532882e-01
   1.9878415969559040e+00  -1.1635720185474034e+00
   3.1332610822780418e+00  -4.9748514667906840e-01
   8.0146231367170293e-02  -2.1229750339141296e-01
   3.6219504732781540e+00  -6.6207864776421188e-01
   4.1152857008054653e+00  -8.5787861904417517e-01
   5.6697763067348479e+00   7.6916325474592195e-01
   1.2100163718781309e+00  -6.2112609608344438e-01
   3.8142141893082526e-01   2.2216878003508089e-01
   1.8847410481510316e+00  -4.8743347709604312e-01
   6.5476605208008520e-01  -6.2506622181639715e-01
   4.9180309926028416e+00  -6.4840812259316039e-02
   1.5918597116708266e+00   1.0315400714027199e+00
   3.9320382955979190e+00   1.2552824946472843e+00
   3.8982447735667131e-01   8.3422486451616074e-01
   2.8312917182047772e+00  -3.5188901936139705e-01
   5.3791030102269657e+00   3.1091565001086785e-03
   3.0652207897784267e-01   3.8152395391659666e-01
   4.0314875256500438e+00  -6.0988511032947690e-01
   1.8167861302884221e+00   4.2639915469391276e-03
   5.1423763539935488e+00  -1.9142349885167698e-01
   3.3704552211643897e+00   3.4506061377276032e-01
   2.5867259806923180e+00  -6.2859942997714491e-01
   2.1564408484076196e+00   7.4856417929181740e-02
   2.3111042651517590e+00  -3.6734758008944901e-01
   3.5674608707745428e+00  -3.0842012909767957e-01
   3.0857586875213427e+00   2.0450605230715557e-01
   3.0001217663864121e+00   1.0487984720824719e+00
   2.5825681515042871e+00  -1.2173457189048555e+00
   4.9054149102964182e+00  -4.7578429846721981e-01
   4.8107247009386525e+00  -5.3886435497259799e-01
   5.2984236660388788e+00  -5.7080986746981677e-01
   6.1491079681169225e+00   8.9033270793898955e-01
   2.4886248175198920e+00   1.5879365654122513e-02
   1.6216563134693958e+00   1.1838548773096846e+00
   6.1222184124755703e+00  -4.6996149818270228e-01
   9.2969044825912772e-01   7.8131108879762046e-01
   4.4285404236532315e+00   2.4031949837584055e-01
   4.8010726328357617e-01   1.7927812424736511e-01
   8.9843614851838072e-01  -6.4080413447510998e-01
   5.8449215906597569e+00   1.4332911107189203e+00
   4.0843254302656691e+00  -3.6512378484295405e-01
   1.5935593130955925e+00  -7.5647459081087354e-01
   1.8469974510569320e+00   1.2415281478772466e+00
   5.8626619496776766e-01  -6.3822395812671384e-01
   4.4698745285600241e+00  -6.0263293368971815e-01
   3.9202215897274755e+00  -7.0867835935896550e-01
   2.2005339205010144e-01   1.9019466720179645e-01
   1.5687150548591424e+00   3.8215617930997592e-02
   5.5344754636439104e+00   4.5407403228225407e-01
   3.7645234113944621e+00   1.2454738976691129e+00
   9.7514197959289617e-01  -7.3127842776646945e-01
   1.2245511415712997e+00  -7.2025461313284811e-01
   2.1241869869807264e+00  -3.4929248250902845e-01
   3.2902728652607877e-01  -4.8772586938091811e-01
   3.1383365676054313e+00  -1.0899415375804125e+00
   1.8206937889466071e+00   2.4945838553961996e-01
   7.1474601693798889e-01  -1.1936013316406024e+00
   2.7175503242942920e+00   9.8067576650210553e-01
   4.5030107056063917e+00  -1.3575176017055712e-02
   2.0614360752798739e+00  -5.3175673320351735e-01
   5.2527795138643469e+00   5.1503728257352233e-01
   3.3578914132861399e+00   1.3003569271348248e-01
   9.9088437111577288e-01  -2.0234027232167007e-01
   5.8901768416399296e+00   9.0186176399959139e-01
   5.6547501274228704e+00  -1.0110213266238421e-01
   2.6851612555603346e+00   7.6875143660971279e-01
   1.5553774058436403e+00   1.0545777593360128e-01
   3.3475770676460983e+00   2.9495597999079814e-01
   4.8576236292327133e+00  -8.6850224035183843e-01
   4.6124366558459009e+00   1.8824540688421298e-01
   3.7961670172771074e+00  -2.8609707565179598e-01
   8.0089775120447393e-01   7.6160797359563492e-03
   1.9507364928511115e+00  -1.5780304278272927e-01
   5.9288698089257945e+00   1.4664581955213229e-01
   2.0815213480966760e-01  -1.0330549997105301e+00
   5.8118348909768844e+00   2.8732318372219368e-01
   1.6335597957039618e+00  -6.1103964242610220e-01
   3.2143660350212890e+00  -1.2538256744592657e-01
   4.3026861173148161e+00   9.5308618403276224e-01
   5.4825753450561816e+00  -1.0883783518519108e+00
   6.0691948817538388e-01  -7.6393039785114325e-01
   5.7139011656769130e+00   1.3574020849245736e+00
   3.2903954697975166e+00  -3.0541662677767945e-01
   2.4199396086840488e+00  -3.0322968809405637e-01
   4.7931497755107522e+00  -1.5195608211405531e-01
   3.9704651105141369e+00   4.5960261290860993e-01
   5.2768478721700358e+00   1.4685739984148505e-01
   3.9686004473324283e+00  -7.3008632948573027e-01
   1.6976253351965094e+00   1.9972369677159696e-01
   3.4824843114902797e+00   1.1250648187536516e-01
   5.6790018753249549e-01  -5.1067085267277368e-01
   2.0492891184706044e-01   1.4098146854731075e-01
   2.3412580690318996e-01  -1.2583859767467005e+00
   3.2819584353813793e+00  -9.6011925429201317e-01
   2.4080177083706977e+00  -8.7712591848103871e-01
   1.6023228960215659e+00  -9.5809875067426864e-01
   5.6206890428451244e+00   2.0438569351352620e-01
   3.9271164922293615e+00  -1.3560983511652625e-01
   5.6203839357255170e+00   6.0853784079517936e-01
   2.4247810251751805e-02  -8.6510431450580361e-01
   1.4773128026865865e+00   5.3549958757699390e-01
   4.0270004983111107e+00   4.0166464060144591e-01
   5.1875285545614727e+00  -8.7474094321030638e-01
   5.9399534794191382e+00   2.2018414210522641e-01
   5.0348424569445269e+00   7.5566583314119251e-01
   3.9280300356045879e+00  -4.0930377122515371e-01
   5.3953041892550291e-01  -6.2399632081643563e-02
   5.5830281163652735e+00   4.9231585992480342e-01
   1.4752009629306082e+00  -7.4682805151635323e-01
   3.1135698338933455e+00   7.6879168326631220e-01
   1.4499590859471572e+00  -3.2141341988295880e-01
   3.5371089977081747e+00   4.2941889188786808e-01
   3.9100575365466832e+00  -4.4649945126251289e-01
   1.7638851086020377e+00   1.7636658072178291e-01
   2.2758056167001555e+00  -5.9775000414633694e-01
   8.5129087837222506e-01  -9.3422567601750928e-01
   1.8198371992185323e+00   8.8414789558921569e-04
   4.9234436138473034e+00  -3.6197733548152811e-01
   9.4129486089790548e-01  -4.0415171642911885e-01
   8.1061285698335694e-01  -1.1015128765322584e+00
   5.5694899072726605e+00  -3.0013731854042769e-02
   4.2688510500069619e+00  -1.2649309067266512e+00
   7.8829066947414850e-01  -5.2878667330007656e-01
   5.1965204057697552e+00  -5.9784268726390533e-01
   1.1993511671705308e+00   1.4320629728737511e-01
   9.0834421070694449e-02   3.5696164257773999e-01
   8.4635780711249364e-01   9.9127337410423122e-02
   3.5957094329652577e+00  -6.2370497361581578e-01
   2.6372829006994758e+00  -6.5119101822131986e-02
   5.8163722347820421e+00  -9.2424089166139101e-01
   3.4232892041195200e+00  -9.3105113198237621e-01
   3.2563681590513288e-01  -6.6518542652017498e-01
   2.1042675324530382e+00   5.7356949456038819e-01
   5.1673029543976279e+00   3.0839614734192278e-01
   1.0396824135879419e+00   1.2337418367685600e+00
   6.0027652721155516e+00  -3.6889117650651482e-01
   5.4070712351534027e+00  -1.0720586044004161e+00
   4.2737847234522324e+00  -9.8785569108624383e-01
   1.6128413350815327e+00  -8.8078101575111190e-01
   5.7807993408470715e+00   4.1137841273931319e-01
   4.6112891794643818e-01  -5.6426804278644882e-01
   5.3377051453540447e-01  -4.7521334079424293e-01
   2.8141736278282012e+00  -3.0731164498747265e-01
   1.0650116629872786e+00  -6.2940030091887644e-02
